#{"t_start": 1761229256.0603838, "env_id": "CustomLunarLander-v0"}
r,l,t
